A: 
-48 -72 54 -81 -2 85 -92 -1 -77 -98 0 24 -75 -91 55 34 
16 4 -68 15 -12 62 -89 73 -39 -12 -81 -96 84 64 -1 58 
-94 16 -63 -72 46 -4 -11 -64 49 27 44 72 -73 -79 73 96 
40 36 -2 41 21 -42 -27 89 -63 64 71 64 -24 38 5 -93 
95 39 -39 -99 -2 9 7 -28 80 68 48 -25 59 96 74 53 
-43 -84 50 24 -23 76 -38 27 -75 87 3 -87 -96 9 -36 -8 
54 48 -27 -91 -76 1 92 99 69 -51 44 94 -78 -66 -43 -5 
87 50 33 -32 10 -7 -18 95 -56 65 -55 -28 -54 -100 -82 6 
57 -35 -86 27 68 -95 31 -60 -64 13 38 20 -45 6 -60 -72 
70 -51 -41 -58 3 86 -1 91 28 -55 95 -20 35 81 -66 26 
-38 57 -46 60 42 -14 72 18 31 -57 61 -41 24 -2 -77 87 
68 14 -47 38 96 2 75 20 59 -69 58 57 -62 30 -30 -6 
-46 -52 72 6 -12 -42 9 -41 3 59 26 -6 -4 -1 46 -8 
-21 69 -28 56 -80 2 -91 -28 -90 -5 -75 69 94 75 49 -91 
91 66 -13 -90 -14 -72 92 77 -95 33 -89 17 3 69 -100 -62 
53 21 71 -92 -95 33 -71 -67 -66 -89 3 -72 81 98 -19 -78 

B: 
-7 -22 11 11 7 59 44 -20 92 55 40 -41 9 -6 -68 -24 
63 -25 32 -81 49 -51 66 13 59 91 -61 86 -34 34 8 40 
-79 97 -51 99 17 77 92 74 14 99 91 -73 -65 -86 -26 -84 
-27 -52 96 -92 66 -98 86 87 -64 -56 86 7 74 39 -58 16 
-24 65 -15 34 62 -4 -89 26 37 70 60 -92 -2 69 48 61 
92 65 -51 53 -50 1 -57 -51 90 -49 -9 -53 24 -94 -58 18 
100 43 28 30 62 -30 47 14 -95 -71 100 -33 62 29 15 83 
84 -58 -21 -21 34 93 -59 64 77 -56 65 68 85 -56 51 -87 
-19 71 -5 -1 55 -22 78 37 32 27 -49 -76 -47 -34 3 -98 
-5 61 -98 -45 -71 -61 42 47 38 -25 44 -24 -79 -40 -89 -67 
-56 60 69 -40 39 39 -64 -71 41 15 -16 -18 14 -35 93 -41 
-67 -23 -34 -98 -61 -75 -18 -97 33 -37 17 -30 68 -18 -88 16 
-100 -65 -19 23 9 -58 63 36 88 -51 -33 -92 85 30 -66 -25 
71 43 -83 80 79 -83 -23 7 -35 95 -8 35 -5 -50 -8 -40 
-45 81 -83 3 -74 -24 -66 -52 -18 42 -77 24 6 35 -78 52 
-80 38 -61 -10 59 44 66 -85 -28 -41 -46 -56 -41 12 -98 -95 

C: 
-11506 8515 -8710 12755 -27073 33647 -32366 -27636 2762 -1448 -12457 529 -5224 -9964 3960 5940 
11649 -19377 -13112 10111 3974 1626 -3874 7607 14361 -7015 -14763 9306 7292 -502 -11738 -11437 
-16989 22289 -9945 -18397 -14037 -3113 -16095 -33851 -7406 -4146 -26814 -5681 -17165 10418 -2807 6823 
6373 -9510 4158 -19133 -2745 -5210 -15293 7568 14078 7696 17707 18046 12005 -5231 7910 19 
-2757 22264 -26233 10459 3022 -5477 2895 -15481 20049 20098 -24935 -11901 -14342 -5438 -16109 -17237 
15573 12463 -9002 13662 -11486 15382 -11665 10977 -7803 -6920 18121 7134 -14511 -21462 4678 -10748 
22299 -6111 11684 -15344 942 21402 -1732 -17469 10943 -11257 1927 10365 9611 -12276 15501 -4975 
13299 -14259 2343 -6921 -5504 28474 7562 13727 19784 -1967 20347 8295 -8664 -5087 2511 -9191 
2218 -13411 23155 -12085 3932 -10016 -12035 -1136 -13762 1572 15855 5006 6307 20150 17776 23887 
15390 881 -1720 16331 15886 19744 -19063 -11946 24268 -4263 -1156 -8625 14575 -20607 14260 -20764 
5277 -5549 23062 -9238 35606 -2540 11640 2856 -8671 -10832 2444 -3890 9857 12754 15941 -429 
12470 4865 17454 -7251 24660 -2357 -9499 -7285 -134 5487 13905 -7152 14221 6299 14619 10596 
-17431 17388 -8801 5715 -7365 -2525 5351 5183 -12627 3992 5190 -7602 -11370 -3593 -4432 -6219 
-1842 -29406 -5189 -12728 -19153 -34626 1536 3032 5317 3684 -15245 24073 15522 4621 -21869 15728 
35902 -24480 -3203 5912 5908 3309 5031 13537 4546 5858 22425 20299 6929 579 8840 7770 
2723 -7050 -3668 33604 -5212 9441 701 -1606 12515 28264 -18424 7732 -6017 -14338 6432 -1500 
