A: 
-93 100 -77 -71 
-71 52 -33 -52 
-5 -42 15 94 
52 84 5 34 

B: 
-20 96 31 91 
-54 -70 -90 -47 
33 41 93 52 
-87 -74 -77 -3 

C: 
96 -13831 -13577 -16954 
2047 -7961 -5946 -10465 
-5315 -3881 -2218 2017 
-8369 -3199 -8101 942 
