A: 
-20 96 -6 83 -32 91 -73 -33 
46 -98 44 21 73 -61 -25 -1 
-22 78 -16 -84 -57 -5 -72 89 
-61 -41 37 -40 73 39 82 2 
-74 -14 -22 44 -15 -48 -39 58 
-34 -17 -58 -44 -13 37 -15 -72 
-11 92 27 -87 88 -11 68 19 
49 -24 85 79 -79 1 7 84 

B: 
-11 3 -94 83 -84 71 87 58 
21 62 -29 51 -84 12 34 39 
-54 55 -60 77 47 -70 -82 -71 
19 61 34 -65 -6 60 42 -31 
5 89 79 33 -10 34 -10 77 
43 4 77 -96 -62 -32 -82 5 
11 52 38 63 91 35 -91 2 
93 87 -43 18 15 44 -85 -89 

C: 
4018 1474 5402 -17606 -19624 -2875 7808 1219 
-7167 2629 -3245 7515 7072 3785 4576 426 
8133 -2328 -13541 2045 -9289 -4928 -1511 -6973 
182 7961 15143 2162 14891 -5621 -22975 -722 
5370 1875 1321 -8710 6541 971 -557 -11275 
-3022 -15083 10021 -11517 -2787 -6517 3953 8409 
1424 14826 1660 20099 1262 -227 -11478 8896 
3405 8798 -15834 3503 4046 3204 -7274 -20118 
